13 5 5 5 5 5 5 5 5 5 5 5 5 5 5 5 5 5 14 8 8 13 5 5 5 5 5 5 5 5 5 5 5 5 5 5 5 5 5 14
7 8 8 8 8 8 8 8 8 8 8 8 8 8 8 8 8 8 6 8 8 7 8 8 8 8 8 8 8 8 8 8 8 8 8 8 8 8 8 6
7 8 11 4 4 4 12 8 0 4 4 4 4 1 8 11 12 8 6 8 8 7 8 11 12 8 0 4 4 4 4 1 8 11 4 4 4 12 8 6
7 8 6 8 8 8 7 8 6 8 8 8 8 7 8 9 10 8 6 8 8 7 8 9 10 8 6 8 8 8 8 7 8 6 8 8 8 7 8 6
7 8 6 8 8 8 7 8 6 8 8 8 8 7 8 8 8 8 6 8 8 7 8 8 8 8 6 8 8 8 8 7 8 6 8 8 8 7 8 6
7 8 6 8 8 8 7 8 6 13 5 5 5 2 8 11 12 8 6 8 8 7 8 11 12 8 3 5 5 5 14 7 8 6 8 8 8 7 8 6
7 8 9 5 5 5 10 8 3 2 8 8 8 8 8 9 10 8 9 5 5 10 8 9 10 8 8 8 8 8 3 2 8 9 5 5 5 10 8 6
7 8 8 8 8 8 8 8 8 8 8 0 4 1 8 8 8 8 8 8 8 8 8 8 8 8 0 4 1 8 8 8 8 8 8 8 8 8 8 6
15 4 4 4 12 8 0 4 4 1 8 6 8 15 4 1 8 0 4 4 4 4 1 8 0 4 16 8 7 8 0 4 4 1 8 11 4 4 4 16
8 8 8 8 7 8 6 13 5 2 8 3 5 5 5 2 8 3 5 5 5 5 2 8 3 5 5 5 2 8 3 5 14 7 8 6 8 8 8 8
8 8 8 8 7 8 6 7 8 8 8 8 8 8 8 8 8 8 8 8 8 8 8 8 8 8 8 8 8 8 8 8 6 7 8 6 8 8 8 8
5 5 5 5 10 8 3 2 8 11 4 4 12 8 0 1 8 11 4 8 8 4 12 8 0 1 8 11 4 4 12 8 3 2 8 9 5 5 5 5
8 8 8 8 8 8 8 8 8 9 5 5 10 8 6 7 8 6 8 8 8 8 7 8 6 7 8 9 5 5 10 8 8 8 8 8 8 8 8 8
4 4 4 4 12 8 0 1 8 8 8 8 8 8 6 7 8 9 5 5 5 5 10 8 6 7 8 8 8 8 8 8 0 1 8 11 4 4 4 4
8 8 8 8 7 8 6 7 8 11 4 4 12 8 6 7 8 8 8 8 8 8 8 8 6 7 8 11 4 4 12 8 6 7 8 6 8 8 8 8
8 8 8 8 7 8 6 7 8 9 5 5 10 8 6 7 8 0 4 4 4 4 1 8 6 7 8 9 5 5 10 8 6 7 8 6 8 8 8 8
13 5 5 5 10 8 6 7 8 8 8 8 8 8 3 2 8 3 5 5 5 5 2 8 3 2 8 8 8 8 8 8 6 7 8 9 5 5 5 14
7 8 8 8 8 8 6 7 8 0 4 4 1 8 8 8 8 8 8 8 8 8 8 8 8 8 8 0 4 4 1 8 6 7 8 8 8 8 8 6
7 8 11 12 8 0 16 7 8 6 8 8 7 8 0 4 1 8 11 4 4 12 8 0 4 1 8 6 8 8 7 8 6 15 1 8 11 12 8 6
7 8 9 10 8 3 5 2 8 6 8 8 7 8 3 5 2 8 6 8 8 7 8 3 5 2 8 6 8 8 7 8 3 5 2 8 9 10 8 6
7 8 8 8 8 8 8 8 8 6 8 8 7 8 8 8 8 8 6 8 8 7 8 8 8 8 8 6 8 8 7 8 8 8 8 8 8 8 8 6
7 8 11 4 12 8 0 4 4 16 8 8 7 8 0 4 1 8 6 8 8 7 8 0 4 1 8 6 8 8 15 4 4 1 8 11 4 12 8 6
7 8 9 5 10 8 3 5 5 5 5 5 10 8 3 5 2 8 6 8 8 7 8 3 5 2 8 9 5 5 5 5 5 2 8 9 5 10 8 6
7 8 8 8 8 8 8 8 8 8 8 8 8 8 8 8 8 8 6 8 8 7 8 8 8 8 8 8 8 8 8 8 8 8 8 8 8 8 8 6
15 4 4 4 4 4 4 4 4 4 4 4 4 4 4 4 4 4 16 8 8 15 4 4 4 4 4 4 4 4 4 4 4 4 4 4 4 4 4 16
